MOXTVersion: 20
SkinModelPath: Models\Matters\物品\凌风的衣冠冢01\凌风的衣冠冢01.SMD
OrgColor: ffffffff
OuterNum: 8
Float: 1.000000
Float: 1.000000
Float: 1.000000
Float: 1.000000
Float: 1.000000
Float: 1.000000
Float: 1.000000
Float: 1.000000
BoneNum: 0
CoGfxNum: 0
ComActCount: 0
AddiSkinCount: 0
ChildCount: 0
