MOXTVersion: 27
SkinModelPath: Models\Players\Í¨ÓÃ×°±¸\·É½£\·É½£½ð\·É½£½ð.SMD
OrgColor: ffffffff
SrcBlend: 5
DestBlend: 6
OuterNum: 8
Float: 1.000000
Float: 1.000000
Float: 1.000000
Float: 1.000000
Float: 1.000000
Float: 1.000000
Float: 1.000000
Float: 1.000000
BoneNum: 0
DefSpeed: 1.000000
CoGfxNum: 1
ComActCount: 6
EventType: 100
StartTime: 0
TimeSpan: -1
Once: 0
FxFilePath: ÈËÎï\Í¨ÓÃ\·ÉÐÐ\·É½£½ð.gfx
HookName: HH_fx01
HookOffset: 2.264760, -0.021953, -0.027858
HookYaw: 0.000000
HookPitch: 1.570796
HookRot: 1.570796
BindParent: 1
FadeOut: 1
UseModelAlpha: 1
GfxScale: 1.000000
GfxAlpha: 1.000000
GfxSpeed: 1.000000
GfxOuterPath: 0
GfxParamCount: 0
CombineActName: ·É½£µÍ¿ÕÏÂ½µ
LoopCount: 1
BaseActCount: 1
BaseActName: ·É½£µÍ¿ÕÏÂ½µ
ActStartTime: 0
LoopCount: -1
EventCount: 0
CombineActName: ·É½£·ÉÐÐ
LoopCount: 1
BaseActCount: 1
BaseActName: ·É½£Ç°½ø
ActStartTime: 0
LoopCount: -1
EventCount: 0
CombineActName: ·É½£¸ß¿ÕÏÂ½µ
LoopCount: 1
BaseActCount: 1
BaseActName: ·É½£¸ß¿ÕÏÂ½µ
ActStartTime: 0
LoopCount: -1
EventCount: 0
CombineActName: ·É½£½µÂä
LoopCount: 1
BaseActCount: 0
EventCount: 1
EventType: 103
StartTime: 225
TimeSpan: -1
Once: 0
ColorValue: 1.000000, 1.000000, 1.000000, 1.000000
ColorValue: 0.000000, 0.000000, 0.000000, -3.000000
ColorValue: 0.000000, 0.000000, 0.000000, 0.000000
ColorValue: 4.000000, 4.000000, 4.000000, 4.000000
ApplyChild: 0
CombineActName: ·É½£Æð·É
LoopCount: 1
BaseActCount: 0
EventCount: 2
EventType: 103
StartTime: 0
TimeSpan: -1
Once: 0
ColorValue: 1.000000, 1.000000, 1.000000, 0.000000
ColorValue: 0.000000, 0.000000, 0.000000, 0.000000
ColorValue: 0.000000, 0.000000, 0.000000, 0.000000
ColorValue: 4.000000, 4.000000, 4.000000, 4.000000
ApplyChild: 0
EventType: 103
StartTime: 675
TimeSpan: -1
Once: 0
ColorValue: 1.000000, 1.000000, 1.000000, 0.000000
ColorValue: 0.000000, 0.000000, 0.000000, 2.000000
ColorValue: 0.000000, 0.000000, 0.000000, 0.000000
ColorValue: 4.000000, 4.000000, 4.000000, 4.000000
ApplyChild: 0
CombineActName: ·É½£ÐüÍ£
LoopCount: 1
BaseActCount: 1
BaseActName: ·É½£ÐüÍ£
ActStartTime: 0
LoopCount: -1
EventCount: 0
ScriptCount: 0
AddiSkinCount: 0
ChildCount: 0
