MOXTVersion: 19
SkinModelPath: Models\Weapons\怪物\双手长兵\怪物长兵8\中.SMD
OrgColor: ffffffff
OuterNum: 8
Float: 1.000000
Float: 1.000000
Float: 1.000000
Float: 1.000000
Float: 1.000000
Float: 1.000000
Float: 1.000000
Float: 1.000000
BoneNum: 0
CoGfxNum: 0
ComActCount: 0
AddiSkinCount: 0
ChildCount: 0
