MOXTVersion: 18
SkinModelPath: Models\NPCs\npc\草药\养心草\养心草.SMD
OrgColor: ffffffff
OuterNum: 8
Float: 1.000000
Float: 1.000000
Float: 1.000000
Float: 1.000000
Float: 1.000000
Float: 1.000000
Float: 1.000000
Float: 1.000000
BoneNum: 0
CoGfxNum: 0
ComActCount: 0
AddiSkinCount: 0
ChildCount: 0
